0.054
0.083
0.085
0.023
0.075
0.023
0.093
0.021
0.111
0.090
0.025
0.074
0.026
0.086
0.026
0.096
0.022
0.085
0.024
0.089
0.109
0.024
0.093
0.079
0.025
0.122
0.105
0.020
0.077
0.029
0.092
0.023
0.074
0.028
0.088
0.024
0.114
0.078
0.020
0.235
0.083
0.024
0.075
0.027
0.090
0.027
0.092
0.024
0.080
0.025
0.120
0.068
0.026
0.088
0.026
0.080
0.028
0.079
0.021
0.123
0.082
0.024
0.110
0.131
0.065
0.028
0.098
0.024
0.086
0.029
0.079
0.027
0.078
0.028
0.130
0.066
0.027
0.088
0.025
0.087
0.024
0.109
0.199
0.024
0.104
0.109
0.022
0.065
0.025
0.107
0.024
0.101
0.126
0.061
0.032
0.089
0.026
0.076
0.026
0.086
0.024
0.096
0.074
0.033
0.080
0.025
0.125
0.063
0.024
0.082
0.032
0.109
0.085
0.024
0.074
0.027
0.100
0.033
0.119
0.070
0.026
0.112
0.093
0.026
0.080
0.024
0.073
0.027
0.084
0.018
0.139
0.062
0.025
0.093
0.025
0.099
0.098
0.026
0.082
0.021
0.097
0.027
0.076
0.023
0.097
0.025
0.109
0.082
0.030
0.116
0.104
0.084
0.027
0.100
0.122
0.107
0.093
0.024
0.095
0.026
0.085
0.025
0.088
0.034
0.093
0.086
0.033
0.074
0.028
0.083
0.032
0.096
0.030
0.101
0.120
0.074
0.032
0.091
0.027
0.078
0.024
0.082
0.027
0.080
0.033
0.095
0.024
0.089
0.032
0.067
0.032
0.100
0.025
0.120
0.092
0.025
0.083
0.025
0.082
0.032
0.079
0.028
0.070
0.031
0.101
0.024
0.111
0.029
0.072
0.026
0.092
0.030
0.122
0.067
0.036
0.125
0.085
0.032
0.100
0.100
0.032
0.084
0.028
0.069
0.036
0.132
0.076
0.033
0.095
0.024
0.099
0.029
0.077
0.027
0.093
0.026
0.085
0.024
0.090
0.030
0.088
0.022
0.106
0.024
0.189
0.030
0.107
0.083
0.030
0.072
0.028
0.096
0.026
0.088
0.025
0.083
0.023
0.083
0.029
0.107
0.025
0.086
0.024
0.068
0.031
0.089
0.027
0.096
0.093
0.025
0.093
0.034
0.076
0.027
0.102
0.107
0.024
0.199
0.025
0.080
0.031
0.101
0.084
0.029
0.085
0.030
0.082
0.026
0.103
0.072
0.028
0.085
0.025
0.083
0.116
0.026
0.114
0.213
0.093
0.027
0.085
0.089
0.026
0.105
0.022
0.073
0.028
0.087
0.027
0.112
0.075
0.026
0.088
0.026
0.123
0.063
0.028
0.096
0.024
0.074
0.024
0.096
0.132
0.081
0.027
0.100
0.099
0.024
0.094
0.080
0.024
0.068
0.024
0.097
0.024
0.068
0.026
0.093
0.025
0.080
0.098
0.025
0.065
0.026
0.081
0.031
0.069
0.026
0.120
0.068
0.019
0.101
0.020
0.070
0.021
0.091
0.023
0.088
0.081
0.026
0.096
0.132
0.054
0.288
0.086
0.023
0.099
0.082
0.023
0.077
0.095
0.021
0.116
0.072
0.132
0.100
0.024
0.099
0.090
0.029
0.101
0.097
0.023
0.089
0.103
0.026
0.105
0.117
0.092
0.097
0.024
0.089
0.099
0.023
0.093
0.085
0.025
0.075
0.026
0.087
0.029
0.059
0.030
0.103
0.030
0.080
0.024
0.084
0.029
0.112
0.069
0.034
0.094
0.025
0.093
0.028
0.092
0.123
0.088
0.024
0.091
0.029
0.111
0.090
0.026
0.104
0.093
0.022
0.081
0.023
0.095
0.025
0.182
0.029
0.104
0.096
0.025
0.087
0.027
0.091
0.020
0.081
0.025
0.110
0.020
0.076
0.029
0.096
0.026
0.074
0.029
0.085
0.116
0.105
0.023
0.116
0.089
0.025
0.115
0.084
0.019
0.076
0.027
0.087
0.019
0.101
0.231
0.122
0.088
0.027
0.091
0.023
0.123
0.088
0.026
0.081
0.030
0.084
0.030
0.067
0.029
0.089
0.028
0.083
0.027
0.082
0.027
0.137
0.081
0.161
0.084
0.025
0.085
0.130
0.028
0.080
0.021
0.099
0.028
0.097
0.099
0.025
0.075
0.024
0.094
0.021
0.114
0.102
0.105
0.111
0.027
0.110
0.083
0.031
0.099
0.024
0.089
0.026
0.080
0.025
0.081
0.027
0.206
0.024
0.071
0.030
0.089
0.026
0.084
0.025
0.073
0.029
0.121
0.089
0.027
0.074
0.026
0.095
0.028
0.114
0.070
0.033
0.119
0.073
0.031
0.089
0.029
0.080
0.027
0.106
0.091
0.024
0.081
0.023
0.085
0.031
0.094
0.092
0.028
0.116
0.071
0.026
0.079
0.023
0.120
0.089
0.092
0.025
0.070
0.025
0.082
0.030
0.124
0.226
0.088
0.026
0.121
0.077
0.033
0.123
0.065
0.034
0.083
0.024
0.099
0.027
0.073
0.031
0.076
0.027
0.105
0.095
0.027
0.077
0.025
0.108
0.024
0.054
0.029
0.098
0.026
0.109
0.090
0.031
0.088
0.024
0.093
0.030
0.082
0.017
0.095
0.029
0.109
0.106
0.023
0.056
0.026
0.098
0.026
0.120
0.066
0.029
0.119
0.093
0.025
0.076
0.025
0.088
0.025
0.077
0.025
0.084
0.027
0.084
0.018
0.095
0.024
0.077
0.025
0.090
0.023
0.069
0.026
0.086
0.024
0.116
0.100
0.026
0.104
0.090
0.025
0.085
0.022
0.085
0.027
0.064
0.026
0.109
0.025
0.085
0.024
0.079
0.028
0.079
0.025
0.082
0.035
0.111
0.076
0.029
0.081
0.026
0.109
0.025
0.081
0.026
0.085
0.033
0.103
0.077
0.036
0.114
0.086
0.033
0.107
0.090
0.035
0.105
0.088
0.032
0.079
0.032
0.087
0.033
0.063
0.032
0.096
0.037
0.109
0.096
0.029
0.078
0.034
0.072
0.035
0.107
0.103
0.027
0.066
0.029
0.081
0.036
0.080
0.033
0.087
0.027
0.089
0.024
0.086
0.029
0.108
0.106
0.056
0.037
0.115
0.107
0.080
0.032
0.086
0.026
0.091
0.023
0.081
0.023
0.085
0.027
0.082
0.024
0.096
0.024
0.112
0.089
0.026
0.072
0.026
0.112
0.080
0.024
0.064
0.032
0.112
0.072
0.151
0.136
0.088
0.124
0.113
0.118
0.073
0.025
0.092
0.026
0.076
0.026
0.097
0.026
0.076
0.024
0.087
0.028
0.072
0.025
0.078
0.031
0.095
0.025
0.089
0.030
0.075
0.024
0.101
0.023
0.073
0.027
0.087
0.026
0.078
0.025
0.135
0.098
0.097
0.019
0.079
0.024
0.079
0.030
0.122
0.193
0.027
0.102
0.024
0.078
0.026
0.097
0.024
0.116
0.095
0.027
0.085
0.115
0.026
0.065
0.030
0.103
0.023
0.070
0.033
0.097
0.025
0.069
0.032
0.089
0.031
0.112
0.224
0.080
0.033
0.113
0.103
0.025
0.095
0.092
0.032
0.096
0.120
0.048
0.032
0.112
0.032
0.064
0.033
0.089
0.032
0.099
0.079
0.032
0.072
0.032
0.092
0.029
0.072
0.030
0.096
0.023
0.063
0.033
0.106
0.023
0.065
0.023
0.192
0.112
0.024
0.064
0.032
0.081
0.032
0.088
0.096
0.025
0.096
0.124
0.098
0.078
0.029
0.081
0.131
0.096
0.096
0.119
0.090
0.024
0.095
0.095
0.024
0.085
0.104
0.111
0.073
0.032
0.104
0.111
0.105
0.080
0.112
0.087
0.025
0.119
0.060
0.032
0.113
0.079
0.029
0.093
0.024
0.071
0.039
0.105
0.085
0.030
0.116
0.087
0.027
0.068
0.031
0.071
0.028
0.107
0.082
0.029
0.085
0.026
0.085
0.026
0.074
0.025
0.103
0.025
0.075
0.027
0.077
0.026
0.066
0.028
0.077
0.029
0.111
0.101
0.027
0.161
0.033
0.122
0.062
0.027
0.083
0.120
0.093
0.103
0.096
0.106
0.092
0.228
0.089
0.023
0.114
0.060
0.031
0.115
0.111
0.079
0.118
0.026
0.078
0.023
0.088
0.031
0.090
0.024
0.085
0.028
0.090
0.024
0.203
0.087
0.117
0.025
0.119
0.069
0.024
0.095
0.026
0.095
0.090
0.028
0.119
0.074
0.028
0.082
0.024
0.088
0.027
0.090
0.024
0.065
0.033
0.091
0.023
0.097
0.024
0.077
0.025
0.092
0.027
0.081
0.026
0.087
0.029
0.079
0.025
0.089
0.028
0.074
0.025
0.085
0.031
0.085
0.025
0.078
0.030
0.118
0.089
0.027
0.075
0.025
0.085
0.029
0.116
0.083
0.141
0.075
0.031
0.111
0.099
0.026
0.075
0.025
0.080
0.030
0.085
0.023
0.089
0.029
0.067
0.026
0.104
0.026
0.069
0.026
0.094
0.028
0.076
0.025
0.092
0.027
0.075
0.026
0.085
0.025
0.073
0.028
0.092
0.027
0.071
0.028
0.076
0.029
0.126
0.097
0.095
0.114
0.109
0.101
0.121
0.106
0.026
0.092
0.102
0.027
0.109
0.075
0.031
0.072
0.027
0.103
0.026
0.069
0.022
0.082
0.026
0.123
0.068
0.030
0.081
0.024
0.093
0.026
0.096
0.088
0.027
0.108
0.078
0.027
0.074
0.024
0.077
0.029
0.107
0.090
0.026
0.057
0.028
0.099
0.025
0.128
0.069
0.030
0.099
0.086
0.027
0.113
0.061
0.028
0.117
0.071
0.027
0.101
0.089
0.025
0.206
0.096
0.091
0.029
0.076
0.024
0.088
0.028
0.075
0.025
0.087
0.029
0.102
0.091
0.030
0.100
0.086
0.029
0.111
0.090
0.027
0.071
0.023
0.087
0.028
0.066
0.025
0.086
0.030
0.110
0.087
0.028
0.076
0.025
0.100
0.024
0.098
0.091
0.030
0.093
0.088
0.026
0.112
0.070
0.031
0.084
0.023
0.089
0.027
0.116
0.069
0.028
0.116
0.093
0.029
0.082
0.028
0.092
0.078
0.030
0.082
0.178
0.031
0.118
0.097
0.026
0.105
0.078
0.026
0.073
0.027
0.093
0.090
0.023
0.084
0.030
0.097
0.027
0.082
0.030
0.096
0.026
0.081
0.030
0.122
0.077
0.031
0.097
0.025
0.072
0.035
0.086
0.024
0.096
0.027
0.076
0.028
0.091
0.027
0.110
0.093
0.029
0.087
0.024
0.085
0.028
0.071
0.024
0.089
0.029
0.112
0.090
0.033
0.103
0.083
0.026
0.085
0.025
0.091
0.024
0.093
0.116
0.072
0.027
0.110
0.088
0.024
0.080
0.028
0.179
0.026
0.109
0.096
0.024
0.083
0.024
0.079
0.028
0.083
0.025
0.079
0.026
0.076
0.027
0.083
0.024
0.088
0.024
0.123
0.088
0.027
0.067
0.025
0.131
0.090
0.024
0.108
0.085
0.029
0.100
0.088
0.021
0.107
0.089
0.030
0.110
0.085
0.029
0.112
0.091
0.028
0.108
0.087
0.026
0.076
0.023
0.088
0.031
0.109
0.098
0.025
0.076
0.025
0.093
0.026
0.104
0.082
0.028
0.105
0.101
0.024
0.101
0.086
0.029
0.101
0.103
0.023
0.104
0.092
0.026
0.076
0.023
0.084
0.031
0.095
0.026
0.068
0.028
0.082
0.026
0.098
0.023
0.069
0.028
0.083
0.026
0.118
0.075
0.027
0.120
0.106
0.099
0.108
0.088
0.024
0.089
0.027
0.073
0.026
0.086
0.028
0.063
0.025
0.098
0.024
0.104
0.092
0.022
0.081
0.026
0.081
0.025
0.074
0.026
0.091
0.024
0.057
0.034
0.100
0.025
0.060
0.029
0.097
0.025
0.069
0.026
0.090
0.025
0.070
0.025
0.094
0.027
0.105
0.099
0.025
0.099
0.090
0.024
0.091
0.081
0.029
0.085
0.091
0.028
0.089
0.079
0.025
0.083
0.023
0.092
0.025
0.067
0.024
0.095
0.027
0.075
0.025
0.089
0.026
0.106
0.092
0.028
0.080
0.024
0.078
0.027
0.116
0.075
0.028
0.061
0.027
0.097
0.027
0.103
0.092
0.026
0.086
0.109
0.076
0.024
0.105
0.022
0.060
0.026
0.081
0.029
0.125
0.080
0.025
0.071
0.026
0.081
0.023
0.069
0.026
0.084
0.024
0.078
0.026
0.080
0.028
0.111
0.123
0.059
0.029
0.086
0.025
0.059
0.025
0.099
0.023
0.091
0.089
0.027
0.060
0.025
0.088
0.024
0.112
0.085
0.026
0.053
0.026
0.104
0.022
0.092
0.084
0.022
0.105
0.092
0.022
0.064
0.027
0.083
0.025
0.061
0.028
0.090
0.026
0.068
0.101
0.024
0.084
0.122
0.060
0.025
0.090
0.022
0.086
0.084
0.027
0.059
0.025
0.079
0.028
0.077
0.025
0.097
0.022
0.113
0.074
0.036
0.100
0.104
0.023
0.094
0.081
0.025
0.094
0.104
0.023
0.087
0.092
0.026
0.058
0.031
0.087
0.028
0.067
0.025
0.088
0.026
0.110
0.078
0.027
0.120
0.096
0.027
0.068
0.027
0.085
0.030
0.060
0.032
0.105
0.027
0.077
0.024
0.100
0.026
0.066
0.026
0.094
0.029
0.067
0.028
0.101
0.027
0.075
0.025
0.109
0.025
0.074
0.026
0.096
0.027
0.073
0.029
0.089
0.029
0.110
0.071
0.038
0.073
0.024
0.100
0.024
0.064
0.026
0.093
0.027
0.082
0.023
0.095
0.027
0.076
0.027
0.086
0.031
0.106
0.085
0.030
0.103
0.069
0.038
0.112
0.093
0.026
0.108
0.086
0.028
0.092
0.023
0.123
0.083
0.099
0.027
0.070
0.026
0.105
0.025
0.063
0.029
0.103
0.026
0.089
0.096
0.024
0.103
0.080
0.028
0.078
0.025
0.086
0.024
0.075
0.027
0.083
0.028
0.068
0.027
0.089
0.027
0.079
0.026
0.082
0.032
0.106
0.094
0.024
0.082
0.103
0.027
0.058
0.026
0.103
0.024
0.074
0.024
0.085
0.025
0.077
0.024
0.102
0.028
0.073
0.031
0.079
0.029
0.072
0.029
0.084
0.026
0.076
0.026
0.103
0.026
0.100
0.093
0.026
0.090
0.089
0.031
0.087
0.097
0.030
0.070
0.027
0.110
0.024
0.054
0.030
0.088
0.032
0.085
0.024
0.106
0.025
0.071
0.027
0.073
0.031
0.079
0.030
0.108
0.097
0.028
0.091
0.029
0.080
0.024
0.080
0.029
0.083
0.025
0.078
0.034
0.082
0.025
0.080
0.031
0.077
0.026
0.107
0.067
0.028
0.113
0.067
0.030
0.111
0.024
0.069
0.025
0.092
0.026
0.094
0.024
0.086
0.031
0.070
0.031
0.090
0.025
0.073
0.028
0.075
0.034
0.078
0.025
0.095
0.027
0.073
0.027
0.082
0.033
0.065
0.023
0.105
0.025
0.072
0.027
0.077
0.036
0.074
0.024
0.094
0.028
0.074
0.027
0.086
0.029
0.074
0.026
0.070
0.034
0.080
0.026
0.091
0.025
0.087
0.086
0.029
0.075
0.026
0.094
0.029
0.063
0.027
0.102
0.020
0.085
0.024
0.062
0.037
0.121
0.099
0.025
0.073
0.028
0.075
0.029
0.112
0.082
0.029
0.094
0.078
0.026
0.127
0.078
0.036
0.193
0.027
0.108
0.094
0.024
0.064
0.026
0.076
0.037
0.085
0.025
0.086
0.030
0.079
0.026
0.094
0.026
0.074
0.029
0.095
0.024
0.078
0.026
0.091
0.028
0.066
0.029
0.100
0.028
0.076
0.026
0.090
0.030
0.073
0.025
0.088
0.025
0.084
0.025
0.096
0.103
0.022
0.088
0.027
0.073
0.029
0.082
0.031
0.098
0.113
0.024
0.070
0.027
0.092
0.024
0.071
0.030
0.087
0.026
0.073
0.028
0.090
0.029
0.110
0.081
0.030
0.093
0.024
0.079
0.030
0.075
0.026
0.099
0.024
0.067
0.027
0.083
0.030
0.113
0.088
0.029
0.094
0.128
0.087
0.079
0.024
0.080
0.024
0.075
0.024
0.090
0.087
0.026
0.091
0.096
0.027
0.094
0.118
0.062
0.031
0.088
0.027
0.056
0.028
0.080
0.033
0.111
0.084
0.031
0.067
0.029
0.084
0.028
0.069
0.028
0.081
0.032
0.110
0.096
0.028
0.066
0.029
0.089
0.030
0.062
0.031
0.073
0.034
0.083
0.027
0.081
0.027
0.085
0.024
0.091
0.028
0.074
0.030
0.088
0.024
0.075
0.025
0.100
0.024
0.088
0.102
0.027
0.079
0.026
0.093
0.028
0.076
0.027
0.086
0.027
0.079
0.028
0.077
0.036
0.070
0.032
0.092
0.030
0.069
0.027
0.107
0.110
0.098
0.024
0.074
0.027
0.086
0.030
0.068
0.026
0.082
0.031
0.099
0.082
0.026
0.081
0.026
0.077
0.033
0.073
0.028
0.085
0.030
0.067
0.026
0.084
0.023
0.073
0.025
0.089
0.025
0.072
0.023
0.087
0.024
0.097
0.087
0.027
0.107
0.070
0.034
0.063
0.028
0.085
0.025
0.055
0.030
0.086
0.030
0.073
0.024
0.093
0.031
0.102
0.077
0.026
0.077
0.030
0.087
0.025
0.069
0.032
0.086
0.032
0.077
0.024
0.095
0.020
0.064
0.026
0.105
0.026
0.073
0.025
0.092
0.024
0.055
0.031
0.089
0.025
0.074
0.027
0.079
0.030
0.108
0.078
0.027
0.070
0.031
0.075
0.027
0.071
0.026
0.083
0.026
0.085
0.025
0.177
0.027
0.077
0.027
0.073
0.026
0.124
0.094
0.074
0.026
0.119
0.067
0.032
0.067
0.032
0.106
0.068
0.024
0.080
0.024
0.080
0.084
0.025
0.080
0.024
0.072
0.026
0.084
0.022
0.071
0.028
0.077
0.027
0.080
0.026
0.074
0.027
0.078
0.024
0.090
0.022
0.116
0.069
0.032
0.071
0.034
0.130
0.061
0.032
0.088
0.027
0.091
0.024
0.059
0.029
0.095
0.026
0.082
0.026
0.081
0.026
0.091
0.108
0.022
0.070
0.032
0.072
0.030
0.096
0.088
0.032
0.092
0.027
0.085
0.030
0.080
0.027
0.084
0.029
0.070
0.028
0.094
0.026
0.094
0.091
0.027
0.069
0.030
0.096
0.031
0.092
0.094
0.029
0.082
0.025
0.080
0.029
0.094
0.098
0.029
0.067
0.025
0.086
0.030
0.073
0.028
0.083
0.028
0.072
0.033
0.074
0.029
0.072
0.027
0.074
0.034
0.069
0.026
0.126
0.067
0.028
0.111
0.086
0.025
0.162
0.029
0.085
0.032
0.065
0.031
0.080
0.034
0.070
0.026
0.088
0.030
0.070
0.032
0.062
0.031
0.100
0.102
0.024
0.082
0.088
0.026
0.072
0.028
0.092
0.030
0.084
0.028
0.080
0.032
0.061
0.027
0.096
0.028
0.056
0.030
0.113
0.113
0.093
0.078
0.025
0.127
0.060
0.029
0.088
0.033
0.060
0.030
0.097
0.023
0.090
0.209
0.117
0.110
0.080
0.026
0.099
0.100
0.029
0.066
0.033
0.074
0.035
0.072
0.031
0.079
0.033
0.084
0.026
0.072
0.037
0.070
0.027
0.097
0.027
0.074
0.027
0.070
0.034
0.060
0.031
0.094
0.027
0.079
0.026
0.104
0.120
0.073
0.028
0.079
0.030
0.073
0.030
0.080
0.023
0.088
0.026
0.086
0.025
0.085
0.027
0.067
0.029
0.083
0.030
0.065
0.032
0.092
0.031
0.060
0.030
0.094
0.027
0.075
0.030
0.120
0.074
0.028
0.098
0.029
0.070
0.028
0.077
0.032
0.079
0.027
0.074
0.031
0.072
0.031
0.086
0.032
0.078
0.028
0.077
0.034
0.081
0.026
0.071
0.033
0.097
0.083
0.032
0.070
0.030
0.093
0.029
0.089
0.103
0.084
0.031
0.113
0.073
0.025
0.074
0.037
0.080
0.028
0.073
0.032
0.080
0.027
0.075
0.027
0.076
0.028
0.080
0.031
0.060
0.030
0.088
0.031
0.059
0.033
0.074
0.035
0.072
0.031
0.075
0.034
0.066
0.030
0.108
0.024
0.078
0.091
0.026
0.074
0.033
0.066
0.034
0.187
0.030
0.086
0.025
0.119
0.079
0.023
0.070
0.033
0.091
0.022
0.089
0.027
0.066
0.029
0.082
0.032
0.068
0.031
0.087
0.029
0.068
0.031
0.078
0.030
0.109
0.087
0.031
0.056
0.032
0.123
0.071
0.026
0.089
0.027
0.066
0.029
0.090
0.027
0.071
0.029
0.089
0.025
0.071
0.028
0.116
0.070
0.027
0.089
0.033
0.106
0.110
0.078
0.025
0.122
0.059
0.029
0.086
0.027
0.068
0.026
0.088
0.026
0.080
0.031
0.056
0.030
0.097
0.028
0.078
0.025
0.074
0.028
0.121
0.119
0.097
0.091
0.024
0.078
0.034
0.069
0.027
0.069
0.034
0.095
0.024
0.075
0.032
0.063
0.028
0.089
0.025
0.091
0.025
0.064
0.039
0.071
0.026
0.088
0.025
0.058
0.032
0.086
0.026
0.070
0.027
0.119
0.047
0.032
0.101
0.023
0.072
0.028
0.099
0.030
0.715
